3.250000000000000000e+00
4.299999999999999822e+00
4.700000000000000178e+00
4.950000000000000178e+00
5.000000000000000000e+00
5.950000000000000178e+00
6.950000000000000178e+00
8.849999999999999645e+00
9.799999999999998934e+00
1.015000000000000036e+01
1.034999999999999964e+01
1.404999999999999893e+01
1.420000000000000107e+01
1.505000000000000071e+01
1.584999999999999964e+01
1.605000000000000071e+01
1.619999999999999929e+01
1.690000000000000213e+01
1.715000000000000213e+01
1.814999999999999858e+01
1.830000000000000071e+01
1.930000000000000071e+01
2.444999999999999929e+01
2.469999999999999929e+01
3.019999999999999929e+01
3.064999999999999858e+01
3.095000000000000284e+01
3.135000000000000142e+01
3.135000000000000142e+01
3.135000000000000142e+01
3.185000000000000142e+01
3.275000000000000000e+01
3.564999999999999858e+01
3.725000000000000000e+01
3.865000000000000568e+01
3.935000000000000142e+01
3.955000000000000426e+01
3.969999999999999574e+01
4.005000000000000426e+01
4.069999999999999574e+01
4.180000000000000426e+01
4.685000000000000142e+01
4.790000000000000568e+01
4.970000000000000284e+01
5.010000000000000142e+01
5.325000000000000711e+01
5.429999999999999716e+01
5.530000000000000426e+01
5.565000000000000568e+01
5.635000000000000142e+01
5.675000000000000000e+01
6.325000000000000000e+01
6.330000000000000426e+01
6.345000000000000284e+01
6.350000000000000000e+01
6.454999999999999716e+01
6.460000000000000853e+01
6.685000000000000853e+01
6.960000000000000853e+01
7.125000000000000000e+01
7.170000000000000284e+01
7.225000000000001421e+01
7.565000000000000568e+01
7.600000000000000000e+01
7.809999999999999432e+01
7.839999999999999147e+01
7.930000000000001137e+01
7.945000000000000284e+01
7.945000000000000284e+01
8.014999999999999147e+01
8.150000000000000000e+01
8.179999999999999716e+01
8.360000000000000853e+01
8.635000000000000853e+01
9.059999999999999432e+01
9.240000000000000568e+01
9.280000000000001137e+01
9.315000000000000568e+01
9.340000000000000568e+01
9.340000000000000568e+01
9.370000000000000284e+01
9.425000000000000000e+01
9.434999999999999432e+01
9.450000000000000000e+01
9.470000000000000284e+01
9.485000000000000853e+01
9.545000000000000284e+01
1.035499999999999972e+02
1.039500000000000028e+02
1.059500000000000028e+02
1.077500000000000000e+02
1.094000000000000057e+02
1.098499999999999943e+02
1.105000000000000000e+02
1.113500000000000085e+02
1.115500000000000114e+02
1.121000000000000085e+02
1.122500000000000000e+02
1.145000000000000000e+02
1.148500000000000085e+02
1.179000000000000057e+02
1.182000000000000028e+02
1.189500000000000028e+02
1.191500000000000057e+02
1.205999999999999943e+02
1.243499999999999943e+02
1.254500000000000028e+02
1.268500000000000227e+02
1.272000000000000028e+02
1.304000000000000057e+02
1.308499999999999943e+02
1.320999999999999943e+02
1.329500000000000171e+02
1.350500000000000114e+02
1.353499999999999943e+02
1.355999999999999943e+02
1.377000000000000171e+02
1.393499999999999943e+02
1.395500000000000114e+02
1.415999999999999943e+02
1.417000000000000171e+02
1.420999999999999943e+02
1.437500000000000000e+02
1.445999999999999943e+02
1.446999999999999886e+02
1.478499999999999943e+02
1.500500000000000114e+02
1.503499999999999943e+02
1.524000000000000057e+02
1.526500000000000057e+02
1.542500000000000000e+02
1.548000000000000114e+02
1.555499999999999829e+02
1.563500000000000227e+02
1.563500000000000227e+02
1.585499999999999829e+02
1.592999999999999829e+02
1.599500000000000171e+02
1.606500000000000057e+02
1.612999999999999829e+02
1.617999999999999829e+02
1.624500000000000171e+02
1.631500000000000057e+02
1.640999999999999943e+02
1.644500000000000171e+02
1.672000000000000171e+02
1.693499999999999943e+02
1.712000000000000171e+02
1.725000000000000000e+02
1.728499999999999943e+02
1.730999999999999943e+02
1.757500000000000000e+02
1.761500000000000057e+02
1.775500000000000114e+02
1.800000000000000284e+02
1.825500000000000114e+02
1.848500000000000227e+02
1.852500000000000000e+02
1.863000000000000114e+02
1.881500000000000057e+02
1.885000000000000000e+02
1.886000000000000227e+02
1.889500000000000171e+02
1.896000000000000227e+02
1.897999999999999829e+02
1.909000000000000057e+02
1.909000000000000057e+02
1.911000000000000227e+02
1.924500000000000171e+02
1.940499999999999829e+02
1.948500000000000227e+02
1.950000000000000000e+02
1.973499999999999943e+02
1.984500000000000171e+02
2.009500000000000171e+02
2.032000000000000171e+02
2.045999999999999943e+02
2.055999999999999943e+02
2.066500000000000057e+02
2.088499999999999943e+02
2.099000000000000057e+02
2.105999999999999943e+02
2.106500000000000057e+02
2.110500000000000114e+02
2.116500000000000057e+02
2.120000000000000284e+02
2.124000000000000057e+02
2.128499999999999943e+02
2.130500000000000114e+02
2.158500000000000227e+02
2.180000000000000000e+02
2.183500000000000227e+02
2.206999999999999886e+02
2.266000000000000227e+02
2.267500000000000000e+02
2.271500000000000057e+02
2.277500000000000000e+02
2.279500000000000171e+02
2.289000000000000057e+02
2.296500000000000057e+02
2.315500000000000114e+02
2.320000000000000000e+02
2.327000000000000171e+02
2.334500000000000171e+02
2.335999999999999943e+02
2.339500000000000171e+02
2.339500000000000171e+02
2.345000000000000000e+02
2.348000000000000114e+02
2.350000000000000000e+02
2.369500000000000171e+02
2.440500000000000114e+02
2.447500000000000284e+02
2.460000000000000284e+02
2.462500000000000284e+02
2.469000000000000057e+02
2.502500000000000284e+02
2.504000000000000057e+02
2.505000000000000000e+02
2.518500000000000227e+02
2.533500000000000227e+02
2.560999999999999659e+02
2.565500000000000114e+02
2.577500000000000568e+02
2.579499999999999886e+02
2.580000000000000000e+02
2.580999999999999659e+02
2.580999999999999659e+02
2.585000000000000000e+02
2.595000000000000000e+02
2.597500000000000568e+02
2.604000000000000341e+02
2.646499999999999773e+02
2.680500000000000114e+02
2.681000000000000227e+02
2.693000000000000114e+02
2.706499999999999773e+02
2.736999999999999886e+02
2.741000000000000227e+02
2.741000000000000227e+02
2.747500000000000000e+02
2.748000000000000114e+02
2.761499999999999773e+02
2.769500000000000455e+02
2.769500000000000455e+02
2.775500000000000114e+02
2.779500000000000455e+02
2.830000000000000000e+02
2.838499999999999659e+02
2.845500000000000114e+02
2.858999999999999773e+02
2.886500000000000341e+02
2.888499999999999659e+02
2.906500000000000341e+02
2.911000000000000227e+02
2.919499999999999886e+02
2.933999999999999773e+02
2.941000000000000227e+02
2.953999999999999773e+02
2.965500000000000114e+02
2.978000000000000114e+02
2.980000000000000000e+02
2.987500000000000000e+02
2.996500000000000341e+02
2.998000000000000114e+02
3.016000000000000227e+02
3.064499999999999886e+02
3.067000000000000455e+02
3.078999999999999773e+02
3.080000000000000000e+02
3.081500000000000341e+02
3.086000000000000227e+02
3.117500000000000000e+02
3.127500000000000000e+02
3.135000000000000000e+02
3.139000000000000341e+02
3.147000000000000455e+02
3.193500000000000227e+02
3.198000000000000114e+02
3.217000000000000455e+02
3.220000000000000000e+02
3.240000000000000000e+02
3.250000000000000000e+02
3.260999999999999659e+02
3.264499999999999886e+02
3.267500000000000568e+02
3.271499999999999773e+02
3.291000000000000227e+02
3.295500000000000114e+02
3.301000000000000227e+02
3.310000000000000000e+02
3.324000000000000341e+02
3.331000000000000227e+02
3.334000000000000341e+02
3.362500000000000000e+02
3.363500000000000227e+02
3.368500000000000227e+02
3.372999999999999545e+02
3.381000000000000227e+02
3.399000000000000341e+02
3.408000000000000114e+02
3.419500000000000455e+02
3.428000000000000114e+02
3.442500000000000000e+02
3.466999999999999886e+02
3.486999999999999886e+02
3.496000000000000227e+02
3.502500000000000000e+02
3.503000000000000114e+02
3.533999999999999773e+02
3.536999999999999886e+02
3.545500000000000114e+02
3.553999999999999773e+02
3.554500000000000455e+02
3.560000000000000568e+02
3.561999999999999886e+02
3.563999999999999773e+02
3.565000000000000568e+02
3.571500000000000341e+02
3.577500000000000000e+02
3.610000000000000568e+02
3.653000000000000114e+02
3.660000000000000000e+02
3.662500000000000000e+02
3.671500000000000341e+02
3.672000000000000455e+02
3.673999999999999773e+02
3.683500000000000227e+02
3.703000000000000114e+02
3.728999999999999773e+02
3.743999999999999773e+02
3.753000000000000114e+02
3.758000000000000114e+02
3.772000000000000455e+02
3.772500000000000000e+02
3.784499999999999886e+02
3.792500000000000000e+02
3.838500000000000227e+02
3.839000000000000341e+02
3.840000000000000000e+02
3.853000000000000114e+02
3.865000000000000000e+02
3.868000000000000114e+02
3.880000000000000000e+02
3.896499999999999773e+02
3.909499999999999886e+02
3.915000000000000000e+02
3.928500000000000227e+02
3.933500000000000227e+02
3.942500000000000568e+02
3.951000000000000227e+02
3.959000000000000341e+02
3.960500000000000114e+02
3.965000000000000000e+02
3.970500000000000114e+02
4.014500000000000455e+02
4.021499999999999773e+02
4.041000000000000227e+02
4.057500000000000000e+02
4.060500000000000114e+02
4.060500000000000114e+02
4.065000000000000000e+02
4.066999999999999886e+02
4.074500000000000455e+02
4.083000000000000114e+02
4.095000000000000000e+02
4.101999999999999886e+02
4.132500000000000000e+02
4.164500000000000455e+02
4.167500000000000000e+02
4.173999999999999773e+02
4.189500000000000455e+02
4.197500000000000000e+02
4.198499999999999659e+02
4.201500000000000341e+02
4.221999999999999886e+02
4.222500000000000000e+02
4.222500000000000000e+02
4.225500000000000114e+02
4.230000000000000568e+02
4.241000000000000227e+02
4.293000000000000114e+02
4.343000000000000114e+02
4.343500000000000227e+02
4.357000000000000455e+02
4.363500000000000227e+02
4.367000000000000455e+02
4.367500000000000000e+02
4.368000000000000114e+02
4.371000000000000227e+02
4.371000000000000227e+02
4.379499999999999886e+02
4.408000000000000114e+02
4.408500000000000227e+02
4.412500000000000000e+02
4.416000000000000227e+02
4.430999999999999659e+02
4.434499999999999886e+02
4.478000000000000114e+02
4.482000000000000455e+02
4.491500000000000341e+02
4.504000000000000341e+02
4.563000000000000114e+02
4.564499999999999886e+02
4.568000000000000114e+02
4.573500000000000227e+02
4.579000000000000341e+02
4.579499999999999886e+02
4.579499999999999886e+02
4.605500000000000114e+02
4.615500000000000114e+02
4.631499999999999773e+02
4.633500000000000227e+02
4.668000000000000114e+02
4.680000000000000000e+02
4.682500000000000000e+02
4.697500000000000000e+02
4.721999999999999886e+02
4.723000000000000114e+02
4.724500000000000455e+02
4.730000000000000000e+02
4.735500000000000114e+02
4.736999999999999886e+02
4.738500000000000227e+02
4.742500000000000000e+02
4.743500000000000227e+02
4.746000000000000227e+02
4.794000000000000341e+02
4.798000000000000114e+02
4.833999999999999773e+02
4.839500000000000455e+02
4.875000000000000568e+02
4.886500000000000341e+02
4.901000000000000227e+02
4.905500000000000114e+02
4.905500000000000114e+02
4.906000000000000227e+02
4.908999999999999773e+02
4.917500000000000000e+02
4.925000000000000568e+02
4.928999999999999773e+02
4.937500000000000000e+02
4.943000000000000114e+02
4.990000000000000000e+02
4.990000000000000000e+02
4.999499999999999886e+02
5.000500000000000114e+02
5.021999999999999886e+02
5.045500000000000682e+02
5.051499999999999773e+02
5.066500000000000341e+02
5.090500000000000114e+02
5.101499999999999773e+02
5.111499999999999773e+02
5.123499999999999091e+02
5.131000000000000227e+02
5.135000000000000000e+02
5.140000000000000000e+02
5.166000000000000227e+02
5.170000000000000000e+02
5.171499999999999773e+02
5.182500000000000000e+02
5.186500000000000909e+02
5.189500000000000455e+02
5.193500000000000227e+02
5.195500000000000682e+02
5.237000000000000455e+02
5.243500000000000227e+02
5.247500000000000000e+02
5.268000000000000682e+02
5.288999999999999773e+02
5.309500000000000455e+02
5.313999999999999773e+02
5.328999999999999773e+02
5.337500000000000000e+02
5.342999999999999545e+02
5.348500000000000227e+02
5.358999999999999773e+02
5.380500000000000682e+02
5.386500000000000909e+02
5.390000000000000000e+02
5.392500000000000000e+02
5.394499999999999318e+02
5.397500000000000000e+02
5.403500000000000227e+02
5.415499999999999545e+02
5.457500000000001137e+02
5.464499999999999318e+02
5.485000000000000000e+02
5.485999999999999091e+02
5.497000000000000455e+02
5.510000000000000000e+02
5.531000000000000227e+02
5.566000000000000227e+02
5.576000000000000227e+02
5.588500000000000227e+02
5.589000000000000909e+02
5.596000000000000227e+02
5.596999999999999318e+02
5.597500000000001137e+02
5.608000000000000682e+02
5.608000000000000682e+02
5.615000000000000000e+02
5.621499999999999773e+02
5.626999999999999318e+02
5.653500000000000227e+02
5.660500000000000682e+02
5.666499999999999773e+02
5.670500000000000682e+02
5.676000000000000227e+02
5.687999999999999545e+02
5.700500000000000682e+02
5.764500000000000455e+02
5.772000000000000455e+02
5.773000000000000682e+02
5.773500000000000227e+02
5.773999999999999773e+02
5.782000000000000455e+02
5.807500000000000000e+02
5.814500000000000455e+02
5.823999999999999773e+02
5.830500000000000682e+02
5.843999999999999773e+02
5.861500000000000909e+02
5.885000000000000000e+02
5.886000000000000227e+02
5.888999999999999773e+02
5.901500000000000909e+02
5.902500000000000000e+02
5.911500000000000909e+02
5.912000000000000455e+02
5.945000000000000000e+02
5.947500000000000000e+02
5.990000000000000000e+02
5.991500000000000909e+02
5.995000000000000000e+02
6.007500000000000000e+02
6.008500000000000227e+02
6.008999999999999773e+02
6.022500000000000000e+02
6.043000000000000682e+02
6.047500000000000000e+02
6.052500000000000000e+02
6.054500000000000455e+02
6.060000000000000000e+02
6.072500000000000000e+02
6.107999999999999545e+02
6.133000000000000682e+02
6.158500000000000227e+02
6.162500000000001137e+02
6.164000000000000909e+02
6.175000000000000000e+02
6.175500000000000682e+02
6.175500000000000682e+02
6.177500000000000000e+02
6.216499999999999773e+02
6.218999999999999773e+02
6.239500000000000455e+02
6.241000000000000227e+02
6.257999999999999545e+02
6.261999999999999318e+02
6.288000000000000682e+02
6.288999999999999773e+02
6.310499999999999545e+02
6.314500000000000455e+02
6.326499999999999773e+02
6.332500000000000000e+02
6.333000000000000682e+02
6.333500000000000227e+02
6.335000000000000000e+02
6.343500000000000227e+02
6.343500000000000227e+02
6.350000000000000000e+02
6.357500000000000000e+02
6.364500000000000455e+02
6.376500000000000909e+02
6.418500000000000227e+02
6.467000000000000455e+02
6.480499999999999545e+02
6.482500000000000000e+02
6.482999999999999545e+02
6.498000000000000682e+02
6.500000000000000000e+02
6.501000000000000227e+02
6.510499999999999545e+02
6.540499999999999545e+02
6.574499999999999318e+02
6.575000000000001137e+02
6.593500000000000227e+02
6.597000000000000455e+02
6.601000000000000227e+02
6.610000000000000000e+02
6.612999999999999545e+02
6.626500000000000909e+02
6.628000000000000682e+02
6.629500000000000455e+02
6.641000000000000227e+02
6.650000000000000000e+02
6.657500000000000000e+02
6.660000000000000000e+02
6.660000000000000000e+02
6.675499999999999545e+02
6.708500000000000227e+02
6.720500000000000682e+02
6.721499999999999773e+02
6.742000000000000455e+02
6.766500000000000909e+02
6.770000000000000000e+02
6.789000000000000909e+02
6.805499999999999545e+02
6.834499999999999318e+02
6.838500000000000227e+02
6.861499999999999773e+02
6.872999999999999545e+02
6.873500000000000227e+02
6.885000000000000000e+02
6.892999999999999545e+02
6.895499999999999545e+02
6.912000000000000455e+02
6.913500000000000227e+02
6.916000000000000227e+02
6.920500000000000682e+02
6.939500000000000455e+02
6.943999999999999773e+02
6.966999999999999318e+02
6.973000000000000682e+02
6.979500000000000455e+02
6.981000000000000227e+02
7.054500000000000455e+02
7.063000000000000682e+02
7.066499999999999773e+02
7.073500000000000227e+02
7.076499999999999773e+02
7.078499999999999091e+02
7.084500000000000455e+02
7.094500000000000455e+02
7.106999999999999318e+02
7.109000000000000909e+02
7.112500000000000000e+02
7.128500000000000227e+02
7.130500000000000682e+02
7.165499999999999545e+02
7.180000000000001137e+02
7.191000000000000227e+02
7.196000000000000227e+02
7.201000000000000227e+02
7.202000000000000455e+02
7.202500000000000000e+02
7.207999999999999545e+02
7.226499999999999773e+02
7.236000000000000227e+02
7.239499999999999318e+02
7.276000000000000227e+02
7.286000000000000227e+02
7.290000000000000000e+02
7.297000000000000455e+02
7.303000000000000682e+02
7.339499999999999318e+02
7.340000000000000000e+02
7.344000000000000909e+02
7.391000000000000227e+02
7.397999999999999545e+02
7.402500000000001137e+02
7.408999999999999773e+02
7.420499999999999545e+02
7.421500000000000909e+02
7.427999999999999545e+02
7.441500000000000909e+02
7.454000000000000909e+02
7.455000000000000000e+02
7.471499999999999773e+02
7.480499999999999545e+02
7.496499999999999773e+02
7.501499999999999773e+02
7.510000000000000000e+02
7.514000000000000909e+02
7.586000000000000227e+02
7.594500000000000455e+02
7.595000000000000000e+02
7.603000000000000682e+02
7.607000000000000455e+02
7.608000000000000682e+02
7.614500000000000455e+02
7.624500000000000455e+02
7.633000000000000682e+02
7.639500000000000455e+02
7.659500000000000455e+02
7.677500000000000000e+02
7.687000000000000455e+02
7.691000000000000227e+02
7.692500000000000000e+02
7.696000000000000227e+02
7.704500000000000455e+02
7.714000000000000909e+02
7.732999999999999545e+02
7.750499999999999545e+02
7.759500000000000455e+02
7.803500000000000227e+02
7.806500000000000909e+02
7.817500000000000000e+02
7.829500000000000455e+02
7.830000000000000000e+02
7.832000000000000455e+02
7.840499999999999545e+02
7.842500000000000000e+02
7.847500000000000000e+02
7.857500000000000000e+02
7.865500000000000682e+02
7.878999999999999773e+02
7.897000000000000455e+02
7.938500000000000227e+02
7.954499999999999318e+02
7.956000000000000227e+02
7.958500000000000227e+02
7.972000000000000455e+02
7.972500000000000000e+02
7.972999999999999545e+02
7.975500000000000682e+02
7.978000000000000682e+02
7.996000000000000227e+02
8.001000000000000227e+02
8.023999999999999773e+02
8.029500000000000455e+02
8.038500000000000227e+02
8.055000000000000000e+02
8.085000000000000000e+02
8.095499999999999545e+02
8.129000000000000909e+02
8.137000000000000455e+02
8.140000000000000000e+02
8.144500000000000455e+02
8.150000000000000000e+02
8.152000000000000455e+02
8.153500000000000227e+02
8.188000000000000682e+02
8.211000000000000227e+02
8.211499999999999773e+02
8.216499999999999773e+02
8.220000000000000000e+02
8.225499999999999545e+02
8.236000000000000227e+02
8.239500000000000455e+02
8.241499999999999773e+02
8.247500000000001137e+02
8.249500000000000455e+02
8.255499999999999545e+02
8.260500000000000682e+02
8.262000000000000455e+02
8.287500000000000000e+02
8.323000000000000682e+02
8.351500000000000909e+02
8.400000000000001137e+02
8.405499999999999545e+02
8.411500000000000909e+02
8.413500000000000227e+02
8.413999999999999773e+02
8.420500000000000682e+02
8.422000000000000455e+02
8.422000000000000455e+02
8.426499999999999773e+02
8.426999999999999318e+02
8.428500000000000227e+02
8.463500000000000227e+02
8.479500000000000455e+02
8.481500000000000909e+02
8.498999999999999773e+02
8.533999999999999773e+02
8.540000000000001137e+02
8.546499999999999773e+02
8.547000000000000455e+02
8.557000000000000455e+02
8.577000000000000455e+02
8.604000000000000909e+02
8.606499999999999773e+02
8.607000000000000455e+02
8.607500000000000000e+02
8.625000000000000000e+02
8.632500000000000000e+02
8.644000000000000909e+02
8.651500000000000909e+02
8.657500000000000000e+02
8.660499999999999545e+02
8.661500000000000909e+02
8.666000000000000227e+02
8.669499999999999318e+02
8.688999999999999773e+02
8.694500000000000455e+02
8.703000000000000682e+02
8.712000000000000455e+02
8.725000000000000000e+02
8.746000000000000227e+02
8.761000000000000227e+02
8.761500000000000909e+02
8.766499999999999773e+02
8.793500000000000227e+02
8.803500000000000227e+02
8.833500000000000227e+02
8.857500000000000000e+02
8.860000000000000000e+02
8.868999999999999773e+02
8.870499999999999545e+02
8.871000000000000227e+02
8.877500000000000000e+02
8.878999999999999773e+02
8.910000000000000000e+02
8.910499999999999545e+02
8.921000000000000227e+02
8.928500000000000227e+02
8.938000000000000682e+02
8.961499999999999773e+02
8.988999999999999773e+02
8.998500000000000227e+02
9.010499999999999545e+02
9.014000000000000909e+02
9.021499999999999773e+02
9.066000000000000227e+02
9.071000000000000227e+02
9.080000000000000000e+02
9.081000000000000227e+02
9.086500000000000909e+02
9.087500000000000000e+02
9.088500000000000227e+02
9.095500000000000682e+02
9.096000000000000227e+02
9.099500000000000455e+02
9.111000000000000227e+02
9.112000000000000455e+02
9.116000000000000227e+02
9.125500000000000682e+02
9.136000000000000227e+02
9.146000000000000227e+02
9.168999999999999773e+02
9.216500000000000909e+02
9.217000000000000455e+02
9.226000000000000227e+02
9.243500000000000227e+02
9.243999999999999773e+02
9.252000000000000455e+02
9.253999999999999773e+02
9.265000000000000000e+02
9.267500000000000000e+02
9.272000000000000455e+02
9.292500000000000000e+02
9.292999999999999545e+02
9.320000000000000000e+02
9.333999999999999773e+02
9.381000000000000227e+02
9.391499999999999773e+02
9.398000000000000682e+02
9.410000000000000000e+02
9.412500000000000000e+02
9.415000000000000000e+02
9.422000000000000455e+02
9.430000000000000000e+02
9.438500000000000227e+02
9.445499999999999545e+02
9.448500000000000227e+02
9.487500000000001137e+02
9.493500000000000227e+02
9.502000000000000455e+02
9.510000000000000000e+02
9.511499999999999773e+02
9.512500000000000000e+02
9.531499999999999773e+02
9.546499999999999773e+02
9.546999999999999318e+02
9.563500000000000227e+02
9.583500000000000227e+02
9.596999999999999318e+02
9.600000000000000000e+02
9.601000000000000227e+02
9.606499999999999773e+02
9.623999999999999773e+02
9.652500000000000000e+02
9.667500000000000000e+02
9.695000000000000000e+02
9.702000000000000455e+02
9.703000000000000682e+02
9.703500000000000227e+02
9.706999999999999318e+02
9.714500000000000455e+02
9.720500000000000682e+02
9.765000000000000000e+02
9.766499999999999773e+02
9.796499999999999773e+02
9.798500000000000227e+02
9.808500000000000227e+02
9.808999999999999773e+02
9.811500000000000909e+02
9.817999999999999545e+02
9.857000000000000455e+02
9.893500000000000227e+02
9.894000000000000909e+02
9.898999999999999773e+02
9.916499999999999773e+02
9.933000000000000682e+02
9.936000000000000227e+02
9.936000000000000227e+02
9.936499999999999773e+02
9.941000000000000227e+02
9.965500000000000682e+02
9.972000000000000455e+02
9.981000000000000227e+02
9.987999999999999545e+02
9.999499999999999318e+02
1.001549999999999955e+03
1.001750000000000114e+03
1.005500000000000000e+03
1.006399999999999977e+03
1.007700000000000045e+03
1.009300000000000068e+03
1.011950000000000159e+03
1.012000000000000000e+03
1.012000000000000000e+03
1.012350000000000023e+03
1.012750000000000000e+03
1.013049999999999955e+03
1.013149999999999977e+03
1.013549999999999955e+03
1.013600000000000023e+03
1.014950000000000045e+03
1.015000000000000114e+03
1.015850000000000136e+03
1.018900000000000091e+03
1.023300000000000068e+03
1.025500000000000000e+03
1.025600000000000136e+03
1.026750000000000000e+03
1.027100000000000136e+03
1.027799999999999955e+03
1.028650000000000091e+03
1.028800000000000182e+03
1.031300000000000182e+03
1.031450000000000045e+03
1.032099999999999909e+03
1.033200000000000045e+03
1.033400000000000091e+03
1.035950000000000045e+03
1.039500000000000000e+03
1.039500000000000000e+03
1.040250000000000000e+03
1.041000000000000227e+03
1.042150000000000091e+03
1.042299999999999955e+03
1.043500000000000000e+03
1.044450000000000045e+03
1.044650000000000091e+03
1.044750000000000000e+03
1.044750000000000000e+03
1.044950000000000045e+03
1.045049999999999955e+03
1.045049999999999955e+03
1.045849999999999909e+03
1.046050000000000182e+03
1.046099999999999909e+03
1.046450000000000045e+03
1.046650000000000091e+03
1.047100000000000136e+03
1.051400000000000091e+03
1.058950000000000045e+03
1.059000000000000000e+03
1.059849999999999909e+03
1.060200000000000045e+03
1.060599999999999909e+03
1.061250000000000000e+03
1.061600000000000136e+03
1.061700000000000045e+03
1.062099999999999909e+03
1.062450000000000045e+03
1.063000000000000000e+03
1.063300000000000182e+03
1.063849999999999909e+03
1.064299999999999955e+03
1.065000000000000000e+03
1.067849999999999909e+03
1.068500000000000000e+03
1.069200000000000045e+03
1.069900000000000091e+03
1.071099999999999909e+03
1.072450000000000045e+03
1.072500000000000000e+03
1.074650000000000091e+03
1.076299999999999955e+03
1.076450000000000045e+03
1.079500000000000000e+03
1.080350000000000136e+03
1.081400000000000091e+03
1.082049999999999955e+03
1.082599999999999909e+03
1.083150000000000091e+03
1.084149999999999864e+03
1.084299999999999955e+03
1.085400000000000091e+03
1.085450000000000045e+03
1.086000000000000000e+03
1.086850000000000136e+03
1.090799999999999955e+03
1.092650000000000091e+03
1.093600000000000136e+03
1.093900000000000091e+03
1.094250000000000000e+03
1.094899999999999864e+03
1.095199999999999818e+03
1.095250000000000000e+03
1.095450000000000045e+03
1.095900000000000091e+03
1.096550000000000182e+03
1.096850000000000136e+03
1.096899999999999864e+03
1.096899999999999864e+03
1.097099999999999909e+03
1.097450000000000045e+03
1.098950000000000045e+03
1.100700000000000045e+03
1.105099999999999909e+03
1.105500000000000227e+03
1.107049999999999955e+03
1.107450000000000045e+03
1.107800000000000182e+03
1.109950000000000045e+03
1.111200000000000045e+03
1.112000000000000000e+03
1.112000000000000000e+03
1.112149999999999864e+03
1.112299999999999955e+03
1.113200000000000045e+03
1.116950000000000045e+03
1.118000000000000000e+03
1.118700000000000045e+03
1.118700000000000045e+03
1.119050000000000182e+03
1.119900000000000091e+03
1.120000000000000000e+03
1.120299999999999955e+03
1.120500000000000000e+03
1.121000000000000000e+03
1.121450000000000045e+03
1.122500000000000000e+03
1.124000000000000000e+03
1.124750000000000227e+03
1.125650000000000091e+03
1.130100000000000136e+03
1.131250000000000000e+03
1.131650000000000091e+03
1.134100000000000136e+03
1.135849999999999909e+03
1.135950000000000045e+03
1.136000000000000000e+03
1.136100000000000136e+03
1.136149999999999864e+03
1.137050000000000182e+03
1.137099999999999909e+03
1.137200000000000045e+03
1.137200000000000045e+03
1.137750000000000000e+03
1.138950000000000045e+03
1.139200000000000045e+03
1.139200000000000045e+03
1.139200000000000045e+03
1.140349999999999909e+03
1.146400000000000091e+03
1.148500000000000000e+03
1.149350000000000136e+03
1.150349999999999909e+03
1.150500000000000000e+03
1.150549999999999955e+03
1.151350000000000136e+03
1.151399999999999864e+03
1.151800000000000182e+03
1.152349999999999909e+03
1.152500000000000000e+03
1.154049999999999955e+03
1.154100000000000136e+03
1.154900000000000091e+03
1.155299999999999955e+03
1.157150000000000091e+03
1.157500000000000000e+03
1.159050000000000182e+03
1.162649999999999864e+03
1.164500000000000000e+03
1.165299999999999955e+03
1.166000000000000227e+03
1.166100000000000136e+03
1.168400000000000091e+03
1.168549999999999955e+03
1.169150000000000091e+03
1.169500000000000000e+03
1.171099999999999909e+03
1.171200000000000045e+03
1.172150000000000091e+03
1.172600000000000136e+03
1.174049999999999955e+03
1.175150000000000091e+03
1.176600000000000136e+03
1.176849999999999909e+03
1.177550000000000182e+03
1.177550000000000182e+03
1.178100000000000136e+03
1.178649999999999864e+03
1.179050000000000182e+03
1.179850000000000136e+03
1.180049999999999955e+03
1.183450000000000045e+03
1.183450000000000045e+03
1.184500000000000000e+03
1.184900000000000091e+03
1.188700000000000045e+03
1.188799999999999955e+03
1.189400000000000091e+03
1.189899999999999864e+03
1.189950000000000045e+03
1.190450000000000045e+03
1.190500000000000000e+03
1.190549999999999955e+03
1.190549999999999955e+03
1.190900000000000091e+03
1.191850000000000136e+03
1.194300000000000182e+03
1.196950000000000045e+03
1.199299999999999955e+03
1.199650000000000091e+03
1.200799999999999955e+03
1.201200000000000045e+03
1.202000000000000000e+03
1.202799999999999955e+03
1.204600000000000136e+03
1.204900000000000091e+03
1.204900000000000091e+03
1.208450000000000045e+03
1.208750000000000000e+03
1.209049999999999955e+03
1.209149999999999864e+03
1.210099999999999909e+03
1.210250000000000000e+03
1.210400000000000091e+03
1.210950000000000045e+03
1.211100000000000136e+03
1.211650000000000091e+03
1.213799999999999955e+03
1.213850000000000136e+03
1.215000000000000000e+03
1.216000000000000000e+03
1.218000000000000000e+03
1.219700000000000045e+03
1.220000000000000000e+03
1.221799999999999955e+03
1.223250000000000000e+03
1.223799999999999955e+03
1.224049999999999955e+03
1.224450000000000045e+03
1.225100000000000136e+03
1.226049999999999955e+03
1.226400000000000091e+03
1.226900000000000091e+03
1.227149999999999864e+03
1.227250000000000000e+03
1.227350000000000136e+03
1.227950000000000045e+03
1.232299999999999955e+03
1.232350000000000136e+03
1.233650000000000091e+03
1.233950000000000045e+03
1.236049999999999955e+03
1.236500000000000227e+03
1.236600000000000136e+03
1.237200000000000045e+03
1.237899999999999864e+03
1.238150000000000091e+03
1.241000000000000000e+03
1.243900000000000091e+03
1.245049999999999955e+03
1.245850000000000136e+03
1.245900000000000091e+03
1.246000000000000000e+03
1.246150000000000091e+03
1.246250000000000000e+03
1.246450000000000045e+03
1.247000000000000000e+03
1.247349999999999909e+03
1.247700000000000045e+03
1.248350000000000136e+03
1.248549999999999955e+03
1.248650000000000091e+03
1.248849999999999909e+03
1.250700000000000045e+03
1.252050000000000182e+03
1.252200000000000045e+03
1.252900000000000091e+03
1.257750000000000227e+03
1.260399999999999864e+03
1.262900000000000091e+03
1.263799999999999955e+03
1.264099999999999909e+03
1.264900000000000091e+03
1.265149999999999864e+03
1.265600000000000136e+03
1.266849999999999909e+03
1.267349999999999909e+03
1.267549999999999955e+03
1.268399999999999864e+03
1.268500000000000000e+03
1.268599999999999909e+03
1.268599999999999909e+03
1.268700000000000045e+03
1.268900000000000091e+03
1.268950000000000045e+03
1.268950000000000045e+03
1.269000000000000000e+03
1.269049999999999955e+03
1.269349999999999909e+03
1.270299999999999955e+03
1.273100000000000136e+03
1.274200000000000045e+03
1.280099999999999909e+03
1.280549999999999955e+03
1.283450000000000045e+03
1.283700000000000045e+03
1.283700000000000045e+03
1.283950000000000045e+03
1.284150000000000091e+03
1.284849999999999909e+03
1.285000000000000227e+03
1.285049999999999955e+03
1.285049999999999955e+03
1.286650000000000091e+03
1.289950000000000045e+03
1.293549999999999955e+03
1.293600000000000136e+03
1.294050000000000182e+03
1.294399999999999864e+03
1.294900000000000091e+03
1.294950000000000045e+03
1.295549999999999955e+03
1.295700000000000045e+03
1.295850000000000136e+03
1.296700000000000045e+03
1.297549999999999955e+03
1.298350000000000136e+03
1.299450000000000045e+03
1.300650000000000091e+03
1.301100000000000136e+03
1.302000000000000000e+03
1.304900000000000091e+03
1.305100000000000136e+03
1.306350000000000136e+03
1.307250000000000000e+03
1.310799999999999955e+03
1.312250000000000000e+03
1.312500000000000000e+03
1.312599999999999909e+03
1.313300000000000182e+03
1.313300000000000182e+03
1.313750000000000000e+03
1.313750000000000000e+03
1.313849999999999909e+03
1.314299999999999955e+03
1.314750000000000000e+03
1.316350000000000136e+03
1.318050000000000182e+03
1.319799999999999955e+03
1.321200000000000045e+03
1.321300000000000182e+03
1.321849999999999909e+03
1.322350000000000136e+03
1.323450000000000045e+03
1.324000000000000000e+03
1.325100000000000136e+03
1.326050000000000182e+03
1.328299999999999955e+03
1.330799999999999955e+03
1.331000000000000000e+03
1.331250000000000000e+03
1.331900000000000091e+03
1.333049999999999955e+03
1.333500000000000000e+03
1.333600000000000136e+03
1.333950000000000045e+03
1.334150000000000091e+03
1.334550000000000182e+03
1.335150000000000091e+03
1.336150000000000091e+03
1.338750000000000000e+03
1.339349999999999909e+03
1.339650000000000091e+03
1.339750000000000000e+03
1.340150000000000091e+03
1.340500000000000000e+03
1.341800000000000182e+03
1.343250000000000000e+03
1.343300000000000182e+03
1.345000000000000000e+03
1.346100000000000136e+03
1.346550000000000182e+03
1.348799999999999955e+03
1.350299999999999955e+03
1.350799999999999955e+03
1.351250000000000000e+03
1.351650000000000091e+03
1.352100000000000136e+03
1.353450000000000045e+03
1.354899999999999864e+03
1.355950000000000045e+03
1.356250000000000000e+03
1.357600000000000136e+03
1.357900000000000091e+03
1.358149999999999864e+03
1.358799999999999955e+03
1.359000000000000000e+03
1.360250000000000000e+03
1.360650000000000091e+03
1.360899999999999864e+03
1.365200000000000045e+03
1.365299999999999955e+03
1.366500000000000000e+03
1.367600000000000136e+03
1.368899999999999864e+03
1.369549999999999955e+03
1.370200000000000045e+03
1.370550000000000182e+03
1.371150000000000091e+03
1.371450000000000045e+03
1.372750000000000000e+03
1.373000000000000000e+03
1.373600000000000136e+03
1.374650000000000091e+03
1.374900000000000091e+03
1.374900000000000091e+03
1.378650000000000091e+03
1.379000000000000000e+03
1.379500000000000227e+03
1.379650000000000091e+03
1.382349999999999909e+03
1.383950000000000045e+03
1.385200000000000045e+03
1.386550000000000182e+03
1.386750000000000227e+03
1.387950000000000045e+03
1.388049999999999955e+03
1.388200000000000045e+03
1.389099999999999909e+03
1.390450000000000045e+03
1.390799999999999955e+03
1.391800000000000182e+03
1.392900000000000091e+03
1.393250000000000000e+03
1.393399999999999864e+03
1.394799999999999955e+03
1.395050000000000182e+03
1.396750000000000227e+03
1.397549999999999955e+03
1.398149999999999864e+03
1.400400000000000091e+03
1.402300000000000182e+03
1.402349999999999909e+03
1.403200000000000045e+03
1.403350000000000136e+03
1.405650000000000091e+03
1.406450000000000045e+03
1.406799999999999955e+03
1.406850000000000136e+03
1.407500000000000000e+03
1.407800000000000182e+03
1.408500000000000000e+03
1.409849999999999909e+03
1.411350000000000136e+03
1.411950000000000045e+03
1.412200000000000045e+03
1.412250000000000000e+03
1.413099999999999909e+03
1.413549999999999955e+03
1.417350000000000136e+03
1.419599999999999909e+03
1.420549999999999955e+03
1.422549999999999955e+03
1.423150000000000091e+03
1.424000000000000227e+03
1.424300000000000182e+03
1.424349999999999909e+03
1.424549999999999955e+03
1.424600000000000136e+03
1.424700000000000045e+03
1.425150000000000091e+03
1.426700000000000045e+03
1.427000000000000000e+03
1.428600000000000136e+03
1.429650000000000091e+03
1.430000000000000227e+03
1.430150000000000091e+03
1.431500000000000000e+03
1.432049999999999955e+03
1.433099999999999909e+03
1.433299999999999955e+03
1.436100000000000136e+03
1.438000000000000227e+03
1.440000000000000227e+03
1.440000000000000227e+03
1.440600000000000136e+03
1.441150000000000091e+03
1.441150000000000091e+03
1.444000000000000227e+03
1.444700000000000045e+03
1.446000000000000227e+03
1.446150000000000091e+03
1.446250000000000000e+03
1.446450000000000045e+03
1.446949999999999818e+03
1.447599999999999909e+03
1.448600000000000136e+03
1.448750000000000000e+03
1.450300000000000182e+03
1.450450000000000045e+03
1.450600000000000136e+03
1.452100000000000136e+03
1.452500000000000000e+03
1.457500000000000000e+03
1.459100000000000136e+03
1.459599999999999909e+03
1.460300000000000182e+03
1.461100000000000136e+03
1.461350000000000136e+03
1.461599999999999909e+03
1.461799999999999955e+03
1.462000000000000000e+03
1.462100000000000136e+03
1.462250000000000000e+03
1.463200000000000045e+03
1.463450000000000045e+03
1.464000000000000000e+03
1.465250000000000227e+03
1.466349999999999909e+03
1.466450000000000045e+03
1.467150000000000091e+03
1.468500000000000000e+03
1.469000000000000000e+03
1.471250000000000227e+03
1.472200000000000045e+03
1.474150000000000091e+03
1.474849999999999909e+03
1.476800000000000182e+03
1.478650000000000091e+03
1.479850000000000136e+03
1.480300000000000182e+03
1.480900000000000091e+03
1.481400000000000091e+03
1.481750000000000000e+03
1.482250000000000000e+03
1.484400000000000091e+03
1.484600000000000136e+03
1.484700000000000045e+03
1.484950000000000045e+03
1.485950000000000045e+03
1.486300000000000182e+03
1.486450000000000045e+03
1.488000000000000000e+03
1.489100000000000136e+03
1.490250000000000000e+03
1.490650000000000091e+03
1.490750000000000000e+03
1.492000000000000000e+03
1.492750000000000000e+03
1.495100000000000136e+03
1.497850000000000136e+03
1.498650000000000091e+03
1.499599999999999909e+03
1.499650000000000091e+03
1.501400000000000091e+03
1.501400000000000091e+03
1.501500000000000000e+03
1.501550000000000182e+03
1.502400000000000091e+03
1.503100000000000136e+03
1.503299999999999955e+03
1.503299999999999955e+03
1.503750000000000000e+03
1.505750000000000000e+03
1.507599999999999909e+03
1.508950000000000045e+03
1.509200000000000045e+03
1.509349999999999909e+03
1.509500000000000000e+03
1.509850000000000136e+03
1.510150000000000091e+03
1.510250000000000000e+03
1.510299999999999955e+03
1.510900000000000091e+03
1.513850000000000136e+03
1.519000000000000000e+03
1.519500000000000000e+03
1.519700000000000045e+03
1.520900000000000091e+03
1.520950000000000045e+03
1.521149999999999864e+03
1.523799999999999955e+03
1.524849999999999909e+03
1.524950000000000045e+03
1.525799999999999955e+03
1.525799999999999955e+03
1.526399999999999864e+03
1.526700000000000045e+03
1.527000000000000000e+03
1.527300000000000182e+03
1.527700000000000045e+03
1.527700000000000045e+03
1.527950000000000045e+03
1.528000000000000000e+03
1.528299999999999955e+03
1.528350000000000136e+03
1.528350000000000136e+03
1.529300000000000182e+03
1.537850000000000136e+03
1.538099999999999909e+03
1.539549999999999955e+03
1.541600000000000136e+03
1.541799999999999955e+03
1.542150000000000091e+03
1.542450000000000045e+03
1.543850000000000136e+03
1.544250000000000000e+03
1.544399999999999864e+03
1.544450000000000045e+03
1.544599999999999909e+03
1.545000000000000227e+03
1.545300000000000182e+03
1.545450000000000045e+03
1.545500000000000000e+03
1.546000000000000000e+03
1.546050000000000182e+03
1.546950000000000045e+03
1.550650000000000091e+03
1.551500000000000000e+03
1.556150000000000091e+03
1.558000000000000000e+03
1.558350000000000136e+03
1.559000000000000227e+03
1.559850000000000136e+03
1.560299999999999955e+03
1.560750000000000000e+03
1.561000000000000227e+03
1.561349999999999909e+03
1.561549999999999955e+03
1.561799999999999955e+03
1.562000000000000000e+03
1.562150000000000091e+03
1.563950000000000045e+03
1.564400000000000091e+03
1.564650000000000091e+03
1.566700000000000045e+03
1.568550000000000182e+03
1.569100000000000136e+03
1.570099999999999909e+03
1.570250000000000000e+03
1.570900000000000091e+03
1.573100000000000136e+03
1.573950000000000045e+03
1.575900000000000091e+03
1.577700000000000045e+03
1.579000000000000227e+03
1.579000000000000227e+03
1.580599999999999909e+03
1.581799999999999955e+03
1.582450000000000045e+03
1.583049999999999955e+03
1.583049999999999955e+03
1.583849999999999909e+03
1.583950000000000045e+03
1.584000000000000000e+03
1.584200000000000045e+03
1.584200000000000045e+03
1.584599999999999909e+03
1.584650000000000091e+03
1.584850000000000136e+03
1.585849999999999909e+03
1.586400000000000091e+03
1.588200000000000045e+03
1.588950000000000045e+03
1.590100000000000136e+03
1.591100000000000136e+03
1.595900000000000091e+03
1.597549999999999955e+03
1.597549999999999955e+03
1.598150000000000091e+03
1.599800000000000182e+03
1.600350000000000136e+03
1.600650000000000091e+03
1.601349999999999909e+03
1.601549999999999955e+03
1.601600000000000136e+03
1.601900000000000091e+03
1.602150000000000091e+03
1.602150000000000091e+03
1.602299999999999955e+03
1.602650000000000091e+03
1.603000000000000000e+03
1.603150000000000091e+03
1.604200000000000045e+03
1.613950000000000045e+03
1.614149999999999864e+03
1.614250000000000227e+03
1.615350000000000136e+03
1.616500000000000000e+03
1.616799999999999955e+03
1.616850000000000136e+03
1.617450000000000045e+03
1.617800000000000182e+03
1.618100000000000136e+03
1.618250000000000227e+03
1.618250000000000227e+03
1.618850000000000136e+03
1.619400000000000091e+03
1.619450000000000045e+03
1.622599999999999909e+03
1.622799999999999955e+03
1.623000000000000000e+03
1.624149999999999864e+03
1.625549999999999955e+03
1.626350000000000136e+03
1.626950000000000045e+03
1.630000000000000000e+03
1.632900000000000091e+03
1.632950000000000045e+03
1.633299999999999955e+03
1.633450000000000045e+03
1.634250000000000000e+03
1.634450000000000045e+03
1.634850000000000136e+03
1.635099999999999909e+03
1.635600000000000136e+03
1.635950000000000045e+03
1.636799999999999955e+03
1.636950000000000045e+03
1.637099999999999909e+03
1.637099999999999909e+03
1.637150000000000091e+03
1.642799999999999955e+03
1.644550000000000182e+03
1.644650000000000091e+03
1.646250000000000000e+03
1.646500000000000000e+03
1.647099999999999909e+03
1.647299999999999955e+03
1.647600000000000136e+03
1.648799999999999955e+03
1.649350000000000136e+03
1.649500000000000227e+03
1.651000000000000000e+03
1.651350000000000136e+03
1.653250000000000000e+03
1.654200000000000045e+03
1.655900000000000091e+03
1.658650000000000091e+03
1.659150000000000091e+03
1.660100000000000136e+03
1.661299999999999955e+03
1.661500000000000000e+03
1.662750000000000227e+03
1.662900000000000091e+03
1.662900000000000091e+03
1.663150000000000091e+03
1.663650000000000091e+03
1.664150000000000091e+03
1.664300000000000182e+03
1.664300000000000182e+03
1.664600000000000136e+03
1.664650000000000091e+03
1.664850000000000136e+03
1.665849999999999909e+03
1.668900000000000091e+03
1.671800000000000182e+03
1.678799999999999955e+03
1.679250000000000000e+03
1.679500000000000000e+03
1.679700000000000045e+03
1.679750000000000000e+03
1.679800000000000182e+03
1.680100000000000136e+03
1.680349999999999909e+03
1.680950000000000045e+03
1.681150000000000091e+03
1.681200000000000045e+03
1.681200000000000045e+03
1.681350000000000136e+03
1.681450000000000045e+03
1.681450000000000045e+03
1.681750000000000000e+03
1.682000000000000227e+03
1.682100000000000136e+03
1.682200000000000045e+03
1.682250000000000000e+03
1.683099999999999909e+03
1.683150000000000091e+03
1.683350000000000136e+03
1.683900000000000091e+03
1.688900000000000091e+03
1.690000000000000227e+03
1.691350000000000136e+03
1.696300000000000182e+03
1.697150000000000091e+03
1.699099999999999909e+03
1.699550000000000182e+03
1.699799999999999955e+03
1.700049999999999955e+03
1.701099999999999909e+03
1.701700000000000045e+03
1.702849999999999909e+03
1.703650000000000091e+03
1.703799999999999955e+03
1.704100000000000136e+03
1.704150000000000091e+03
1.704250000000000000e+03
1.704500000000000000e+03
1.704849999999999909e+03
1.706049999999999955e+03
1.706349999999999909e+03
1.706400000000000091e+03
1.707100000000000136e+03
1.707550000000000182e+03
1.707899999999999864e+03
1.709100000000000136e+03
1.710000000000000227e+03
1.711850000000000136e+03
1.715000000000000000e+03
1.715050000000000182e+03
1.715100000000000136e+03
1.715350000000000136e+03
1.715550000000000182e+03
1.718500000000000000e+03
1.719200000000000045e+03
1.719450000000000045e+03
1.722200000000000045e+03
1.723599999999999909e+03
1.726250000000000000e+03
1.726650000000000091e+03
1.727200000000000045e+03
1.728600000000000136e+03
1.728650000000000091e+03
1.729000000000000000e+03
1.729000000000000000e+03
1.729200000000000045e+03
1.729250000000000227e+03
1.730150000000000091e+03
1.733200000000000045e+03
1.733450000000000045e+03
1.734000000000000000e+03
1.735150000000000091e+03
1.735650000000000091e+03
1.735899999999999864e+03
1.736099999999999909e+03
1.737200000000000045e+03
1.739899999999999864e+03
1.740200000000000045e+03
1.740300000000000182e+03
1.740700000000000045e+03
1.740800000000000182e+03
1.741550000000000182e+03
1.744150000000000091e+03
1.744450000000000045e+03
1.744600000000000136e+03
1.746200000000000045e+03
1.746950000000000045e+03
1.747550000000000182e+03
1.750300000000000182e+03
1.751750000000000000e+03
1.752099999999999909e+03
1.752150000000000091e+03
1.753149999999999864e+03
1.753550000000000182e+03
1.754099999999999909e+03
1.754800000000000182e+03
1.755650000000000091e+03
1.757400000000000091e+03
1.757450000000000045e+03
1.757950000000000045e+03
1.758000000000000000e+03
1.760150000000000091e+03
1.762200000000000045e+03
1.763900000000000091e+03
1.764700000000000045e+03
1.765650000000000091e+03
1.765900000000000091e+03
1.766200000000000045e+03
1.767149999999999864e+03
1.770450000000000045e+03
1.771349999999999909e+03
1.772200000000000045e+03
1.772299999999999955e+03
1.772450000000000045e+03
1.772500000000000227e+03
1.772600000000000136e+03
1.772800000000000182e+03
1.773600000000000136e+03
1.773600000000000136e+03
1.773799999999999955e+03
1.774200000000000045e+03
1.779550000000000182e+03
1.779700000000000045e+03
1.780050000000000182e+03
1.780399999999999864e+03
1.783300000000000182e+03
1.785000000000000000e+03
1.785250000000000000e+03
1.786650000000000091e+03
1.786700000000000045e+03
1.786849999999999909e+03
1.787500000000000000e+03
1.787600000000000136e+03
1.787700000000000045e+03
1.788350000000000136e+03
1.788399999999999864e+03
1.789250000000000000e+03
1.789450000000000045e+03
1.791400000000000091e+03
1.793049999999999955e+03
1.793349999999999909e+03
1.794549999999999955e+03
1.795549999999999955e+03
1.795750000000000227e+03
1.797950000000000045e+03
1.799150000000000091e+03
1.800650000000000091e+03
1.802900000000000091e+03
1.803000000000000227e+03
1.804350000000000136e+03
1.804350000000000136e+03
1.804599999999999909e+03
1.804650000000000091e+03
1.805000000000000227e+03
1.805100000000000136e+03
1.805150000000000091e+03
1.806250000000000000e+03
1.807500000000000000e+03
1.807549999999999955e+03
1.807600000000000136e+03
1.808650000000000091e+03
1.810850000000000136e+03
1.814350000000000136e+03
1.814800000000000182e+03
1.815799999999999955e+03
1.816650000000000091e+03
1.817100000000000136e+03
1.817450000000000045e+03
1.817700000000000045e+03
1.818500000000000000e+03
1.818800000000000182e+03
1.820150000000000091e+03
1.822150000000000091e+03
1.822650000000000091e+03
1.823549999999999955e+03
1.825450000000000045e+03
1.826950000000000045e+03
1.827000000000000227e+03
1.827250000000000000e+03
1.827400000000000091e+03
1.827649999999999864e+03
1.828850000000000136e+03
1.830950000000000045e+03
1.832700000000000045e+03
1.833649999999999864e+03
1.833849999999999909e+03
1.836500000000000000e+03
1.836700000000000045e+03
1.838350000000000136e+03
1.838450000000000045e+03
1.838750000000000000e+03
1.840299999999999955e+03
1.840799999999999955e+03
1.841950000000000273e+03
1.842500000000000000e+03
1.843950000000000045e+03
1.844650000000000091e+03
1.844950000000000045e+03
1.845000000000000227e+03
1.845450000000000045e+03
1.845549999999999955e+03
1.846350000000000136e+03
1.846500000000000000e+03
1.846650000000000091e+03
1.848650000000000091e+03
1.850550000000000182e+03
1.852000000000000000e+03
1.852450000000000045e+03
1.855800000000000182e+03
1.856150000000000091e+03
1.856950000000000045e+03
1.857450000000000045e+03
1.859150000000000091e+03
1.859549999999999955e+03
1.860049999999999955e+03
1.860049999999999955e+03
1.860700000000000045e+03
1.860799999999999955e+03
1.861450000000000045e+03
1.861549999999999955e+03
1.861800000000000182e+03
1.861849999999999909e+03
1.861950000000000045e+03
1.862650000000000091e+03
1.866650000000000091e+03
1.867950000000000045e+03
1.868150000000000091e+03
1.868400000000000091e+03
1.869750000000000000e+03
1.870700000000000045e+03
1.872599999999999909e+03
1.873350000000000136e+03
1.874350000000000136e+03
1.874500000000000000e+03
1.874799999999999955e+03
1.875000000000000000e+03
1.875200000000000273e+03
1.876350000000000136e+03
1.876750000000000000e+03
1.877200000000000045e+03
1.878700000000000045e+03
1.879350000000000136e+03
1.880000000000000000e+03
1.880450000000000045e+03
1.880650000000000091e+03
1.881500000000000227e+03
1.885050000000000182e+03
1.885800000000000182e+03
1.890350000000000136e+03
1.890850000000000136e+03
1.891500000000000227e+03
1.891549999999999955e+03
1.892000000000000000e+03
1.892850000000000136e+03
1.893549999999999955e+03
1.894700000000000045e+03
1.895250000000000000e+03
1.895950000000000045e+03
1.896900000000000091e+03
1.897299999999999955e+03
1.898299999999999955e+03
1.898349999999999909e+03
1.899750000000000000e+03
1.900100000000000136e+03
1.900349999999999909e+03
1.900850000000000136e+03
1.901200000000000045e+03
1.904750000000000227e+03
1.904950000000000045e+03
1.908550000000000182e+03
1.909500000000000227e+03
1.910700000000000045e+03
1.911350000000000136e+03
1.911950000000000045e+03
1.912100000000000136e+03
1.912700000000000045e+03
1.913350000000000136e+03
1.914349999999999909e+03
1.914500000000000000e+03
1.914600000000000136e+03
1.914600000000000136e+03
1.915549999999999955e+03
1.916600000000000136e+03
1.917750000000000000e+03
1.917900000000000091e+03
1.923000000000000000e+03
1.923450000000000045e+03
1.924000000000000227e+03
1.924950000000000045e+03
1.925099999999999909e+03
1.925500000000000000e+03
1.926700000000000045e+03
1.926799999999999955e+03
1.927000000000000000e+03
1.927600000000000136e+03
1.927950000000000045e+03
1.929700000000000045e+03
1.930500000000000000e+03
1.931250000000000000e+03
1.932250000000000000e+03
1.936549999999999955e+03
1.936649999999999864e+03
1.936649999999999864e+03
1.937800000000000182e+03
1.937800000000000182e+03
1.938200000000000045e+03
1.938600000000000136e+03
1.939650000000000091e+03
1.940150000000000091e+03
1.940549999999999955e+03
1.941000000000000000e+03
1.941350000000000136e+03
1.941599999999999909e+03
1.943850000000000136e+03
1.946250000000000000e+03
1.946600000000000136e+03
1.947700000000000045e+03
1.948649999999999864e+03
1.949000000000000000e+03
1.950049999999999955e+03
1.951850000000000136e+03
1.952349999999999909e+03
1.953050000000000182e+03
1.953150000000000091e+03
1.955200000000000045e+03
1.956850000000000136e+03
1.959299999999999955e+03
1.960450000000000045e+03
1.961350000000000136e+03
1.961400000000000091e+03
1.961450000000000045e+03
1.961650000000000091e+03
1.962950000000000045e+03
1.963500000000000000e+03
1.963950000000000045e+03
1.964200000000000045e+03
1.964950000000000045e+03
1.965200000000000045e+03
1.965400000000000091e+03
1.965450000000000045e+03
1.966300000000000182e+03
1.966700000000000045e+03
1.968100000000000136e+03
1.968349999999999909e+03
1.969550000000000182e+03
1.973050000000000182e+03
1.975050000000000182e+03
1.976000000000000227e+03
1.976200000000000045e+03
1.976349999999999909e+03
1.976649999999999864e+03
1.978150000000000091e+03
1.979150000000000091e+03
1.979200000000000045e+03
1.979700000000000045e+03
1.980300000000000182e+03
1.983450000000000045e+03
1.983750000000000000e+03
1.985450000000000045e+03
1.986049999999999955e+03
1.986200000000000045e+03
1.987799999999999955e+03
1.987950000000000045e+03
1.988500000000000227e+03
1.991200000000000045e+03
1.991250000000000227e+03
1.991400000000000091e+03
1.992400000000000091e+03
1.993500000000000000e+03
1.994250000000000000e+03
1.994500000000000227e+03
1.995049999999999955e+03
1.997200000000000045e+03
1.998450000000000045e+03
2.001450000000000045e+03
2.002299999999999955e+03
2.002899999999999864e+03
2.003350000000000136e+03
2.003700000000000273e+03
2.004399999999999864e+03
2.004500000000000227e+03
2.004950000000000045e+03
2.005800000000000182e+03
2.006050000000000182e+03
2.006050000000000182e+03
2.006299999999999955e+03
2.006750000000000227e+03
2.008799999999999955e+03
2.014299999999999955e+03
2.016350000000000136e+03
2.017750000000000000e+03
2.017850000000000136e+03
2.019400000000000091e+03
2.021450000000000045e+03
2.021700000000000045e+03
2.022000000000000227e+03
2.022099999999999909e+03
2.022299999999999955e+03
2.022650000000000091e+03
2.022699999999999818e+03
2.022750000000000227e+03
2.022750000000000227e+03
2.022950000000000273e+03
2.023049999999999955e+03
2.023150000000000091e+03
2.023200000000000045e+03
2.023350000000000136e+03
2.023400000000000091e+03
2.024049999999999955e+03
2.024999999999999773e+03
2.025600000000000136e+03
2.025900000000000091e+03
2.026550000000000182e+03
2.032200000000000045e+03
2.034050000000000182e+03
2.035350000000000136e+03
2.037349999999999909e+03
2.039550000000000182e+03
2.039799999999999955e+03
2.039950000000000045e+03
2.040150000000000091e+03
2.041349999999999909e+03
2.041750000000000000e+03
2.043450000000000045e+03
2.044449999999999818e+03
2.046099999999999909e+03
2.046299999999999955e+03
2.046800000000000182e+03
2.050200000000000273e+03
2.051750000000000000e+03
2.052799999999999727e+03
2.053000000000000000e+03
2.053150000000000091e+03
2.053900000000000091e+03
2.056700000000000273e+03
2.057349999999999909e+03
2.058549999999999727e+03
2.059299999999999727e+03
2.061750000000000000e+03
2.061800000000000182e+03
2.062150000000000091e+03
2.063800000000000182e+03
2.063849999999999909e+03
2.064850000000000364e+03
2.065000000000000000e+03
2.065650000000000091e+03
2.066000000000000455e+03
2.066500000000000000e+03
2.067350000000000364e+03
2.067900000000000091e+03
2.072900000000000091e+03
2.075150000000000091e+03
2.075750000000000000e+03
2.076750000000000000e+03
2.076900000000000091e+03
2.077750000000000000e+03
2.080150000000000091e+03
2.082650000000000091e+03
2.082849999999999909e+03
2.083050000000000182e+03
2.083750000000000000e+03
2.085700000000000273e+03
2.086150000000000091e+03
2.086650000000000091e+03
2.087699999999999818e+03
2.088500000000000000e+03
2.089050000000000182e+03
2.089349999999999909e+03
2.089349999999999909e+03
2.090200000000000273e+03
2.092250000000000000e+03
2.092750000000000000e+03
2.093199999999999818e+03
2.094200000000000273e+03
2.100250000000000000e+03
2.101850000000000364e+03
2.102500000000000000e+03
2.102650000000000091e+03
2.103000000000000000e+03
2.103250000000000000e+03
2.104300000000000182e+03
2.105250000000000455e+03
2.110800000000000182e+03
2.111150000000000091e+03
2.111250000000000000e+03
2.111650000000000091e+03
2.111750000000000000e+03
2.111849999999999909e+03
2.111849999999999909e+03
2.112349999999999909e+03
2.113450000000000273e+03
2.115050000000000182e+03
2.115849999999999909e+03
2.115899999999999636e+03
2.116650000000000091e+03
2.117349999999999909e+03
2.117949999999999818e+03
2.121500000000000000e+03
2.122200000000000273e+03
2.125550000000000182e+03
2.129599999999999909e+03
2.129900000000000091e+03
2.130200000000000273e+03
2.130349999999999909e+03
2.130650000000000091e+03
2.131550000000000182e+03
2.132800000000000182e+03
2.133799999999999727e+03
2.137900000000000091e+03
2.138600000000000364e+03
2.139200000000000273e+03
2.139200000000000273e+03
2.139250000000000000e+03
2.139699999999999818e+03
2.140550000000000182e+03
2.141850000000000364e+03
2.142099999999999909e+03
2.142400000000000091e+03
2.143550000000000182e+03
2.144200000000000273e+03
2.145250000000000455e+03
2.147200000000000273e+03
2.151449999999999818e+03
2.152300000000000182e+03
2.153599999999999909e+03
2.153599999999999909e+03
2.154300000000000182e+03
2.154750000000000000e+03
2.155149999999999636e+03
2.155750000000000455e+03
2.156000000000000000e+03
2.156800000000000182e+03
2.159050000000000182e+03
2.160400000000000091e+03
2.161049999999999727e+03
2.161250000000000000e+03
2.162849999999999909e+03
2.164550000000000182e+03
2.165550000000000182e+03
2.166050000000000182e+03
2.166650000000000091e+03
2.166750000000000000e+03
2.170050000000000182e+03
2.170549999999999727e+03
2.171000000000000000e+03
2.172849999999999909e+03
2.177199999999999818e+03
2.178000000000000000e+03
2.178399999999999636e+03
2.178500000000000000e+03
2.179150000000000091e+03
2.179950000000000273e+03
2.180000000000000000e+03
2.180150000000000091e+03
2.180750000000000000e+03
2.180849999999999909e+03
2.180900000000000091e+03
2.182750000000000000e+03
2.184000000000000000e+03
2.185049999999999727e+03
2.186699999999999818e+03
2.188900000000000091e+03
2.188950000000000273e+03
2.191450000000000273e+03
2.193449999999999818e+03
2.193949999999999818e+03
2.194000000000000000e+03
2.195200000000000273e+03
2.196299999999999727e+03
2.198500000000000000e+03
2.198650000000000091e+03
2.199750000000000455e+03
2.200150000000000091e+03
2.203600000000000364e+03
2.204350000000000364e+03
2.205799999999999727e+03
2.205949999999999818e+03
2.206850000000000364e+03
2.207150000000000091e+03
2.207750000000000455e+03
2.207900000000000091e+03
2.207950000000000273e+03
2.208950000000000273e+03
2.209750000000000000e+03
2.211300000000000182e+03
2.212900000000000091e+03
2.214000000000000000e+03
2.215250000000000000e+03
2.216849999999999909e+03
2.217949999999999818e+03
2.219400000000000091e+03
2.219549999999999727e+03
2.220200000000000273e+03
2.222250000000000455e+03
2.223150000000000091e+03
2.226300000000000182e+03
2.226349999999999909e+03
2.228599999999999909e+03
2.229199999999999818e+03
2.229400000000000091e+03
2.229400000000000091e+03
2.229849999999999909e+03
2.230300000000000182e+03
2.232449999999999818e+03
2.234250000000000455e+03
2.235000000000000455e+03
2.235800000000000182e+03
2.236449999999999818e+03
2.236550000000000182e+03
2.237199999999999818e+03
2.239250000000000000e+03
2.239500000000000000e+03
2.242050000000000182e+03
2.243949999999999818e+03
2.244550000000000182e+03
2.245800000000000182e+03
2.247600000000000364e+03
2.248500000000000000e+03
2.249750000000000000e+03
2.250750000000000000e+03
2.250750000000000000e+03
2.250750000000000000e+03
2.251600000000000364e+03
2.251849999999999909e+03
2.253250000000000000e+03
2.255450000000000273e+03
2.255549999999999727e+03
2.257250000000000000e+03
2.258349999999999909e+03
2.258650000000000091e+03
2.259650000000000091e+03
2.260150000000000091e+03
2.262550000000000182e+03
2.263400000000000091e+03
2.263600000000000364e+03
2.265500000000000455e+03
2.266900000000000091e+03
2.268550000000000182e+03
2.269599999999999909e+03
2.270599999999999909e+03
2.272250000000000000e+03
2.272299999999999727e+03
2.273599999999999909e+03
2.273800000000000182e+03
2.275650000000000091e+03
2.276699999999999818e+03
2.278599999999999909e+03
2.279300000000000182e+03
2.279949999999999818e+03
2.280350000000000364e+03
2.280849999999999909e+03
2.283099999999999909e+03
2.283199999999999818e+03
2.284750000000000455e+03
2.284800000000000182e+03
2.286199999999999818e+03
2.286500000000000000e+03
2.286900000000000091e+03
2.290850000000000364e+03
2.291549999999999727e+03
2.291699999999999818e+03
2.291750000000000000e+03
2.292300000000000182e+03
2.294300000000000182e+03
2.295699999999999818e+03
2.296050000000000182e+03
2.300550000000000182e+03
2.300550000000000182e+03
2.301150000000000091e+03
2.302850000000000364e+03
2.303450000000000273e+03
2.303650000000000091e+03
2.304150000000000091e+03
2.304400000000000091e+03
2.304400000000000091e+03
2.304500000000000000e+03
2.305350000000000364e+03
2.305849999999999909e+03
2.306100000000000364e+03
2.307000000000000000e+03
2.310400000000000091e+03
2.310799999999999727e+03
2.311199999999999818e+03
2.314250000000000000e+03
2.319549999999999727e+03
2.320950000000000273e+03
2.321449999999999818e+03
2.321750000000000000e+03
2.323000000000000000e+03
2.323199999999999818e+03
2.323450000000000273e+03
2.323500000000000000e+03
2.323900000000000091e+03
2.324300000000000182e+03
2.324300000000000182e+03
2.324400000000000091e+03
2.325650000000000091e+03
2.327150000000000091e+03
2.328500000000000000e+03
2.328800000000000182e+03
2.329550000000000182e+03
2.335650000000000091e+03
2.336500000000000000e+03
2.336600000000000364e+03
2.336600000000000364e+03
2.339900000000000091e+03
2.339900000000000091e+03
2.340150000000000091e+03
2.341550000000000182e+03
2.341550000000000182e+03
2.341800000000000182e+03
2.341900000000000091e+03
2.342900000000000091e+03
2.343050000000000182e+03
2.343250000000000455e+03
2.343550000000000182e+03
2.344800000000000182e+03
2.350250000000000000e+03
2.353900000000000091e+03
2.354700000000000273e+03
2.354850000000000364e+03
2.355650000000000091e+03
2.358150000000000091e+03
2.359000000000000000e+03
2.359150000000000091e+03
2.359949999999999818e+03
2.360349999999999909e+03
2.360400000000000091e+03
2.361200000000000273e+03
2.361250000000000000e+03
2.361550000000000182e+03
2.361699999999999818e+03
2.366150000000000091e+03
2.369299999999999727e+03
2.370550000000000182e+03
2.371000000000000000e+03
2.371700000000000273e+03
2.371799999999999727e+03
2.373449999999999818e+03
2.373550000000000182e+03
2.375100000000000364e+03
2.376099999999999909e+03
2.377500000000000000e+03
2.377899999999999636e+03
2.378000000000000000e+03
2.379150000000000091e+03
2.379599999999999909e+03
2.379850000000000364e+03
2.380900000000000091e+03
2.385050000000000182e+03
2.386150000000000091e+03
2.386700000000000273e+03
2.387650000000000091e+03
2.388300000000000182e+03
2.390000000000000000e+03
2.390449999999999818e+03
2.391450000000000273e+03
2.391900000000000091e+03
2.392200000000000273e+03
2.395199999999999818e+03
2.395300000000000182e+03
2.396200000000000273e+03
2.397200000000000273e+03
2.397800000000000182e+03
2.400900000000000091e+03
2.403700000000000273e+03
2.403949999999999818e+03
2.405449999999999818e+03
2.405449999999999818e+03
2.405500000000000000e+03
2.406250000000000000e+03
2.406250000000000000e+03
2.406700000000000273e+03
2.407400000000000091e+03
2.408549999999999727e+03
2.409800000000000182e+03
2.410500000000000455e+03
2.414599999999999909e+03
2.416650000000000091e+03
2.418250000000000000e+03
2.419500000000000000e+03
2.420000000000000000e+03
2.420699999999999818e+03
2.420849999999999909e+03
2.421149999999999636e+03
2.421849999999999909e+03
2.422150000000000091e+03
2.423400000000000091e+03
2.424000000000000000e+03
2.424250000000000000e+03
2.426050000000000182e+03
2.426500000000000455e+03
2.426700000000000273e+03
2.428199999999999818e+03
2.430099999999999909e+03
2.431199999999999818e+03
2.433699999999999818e+03
2.434500000000000455e+03
2.434800000000000182e+03
2.435199999999999818e+03
2.435400000000000091e+03
2.435949999999999818e+03
2.436000000000000000e+03
2.438250000000000000e+03
2.438350000000000364e+03
2.438550000000000182e+03
2.438700000000000273e+03
2.442000000000000000e+03
2.446099999999999909e+03
2.447349999999999909e+03
2.448199999999999818e+03
2.448250000000000000e+03
2.448549999999999727e+03
2.448600000000000364e+03
2.450250000000000000e+03
2.453600000000000364e+03
2.454750000000000000e+03
2.455599999999999909e+03
2.455900000000000091e+03
2.456900000000000091e+03
2.457250000000000000e+03
2.458200000000000273e+03
2.458350000000000364e+03
2.458550000000000182e+03
2.459449999999999818e+03
2.460300000000000182e+03
2.461500000000000000e+03
2.462200000000000273e+03
2.462250000000000000e+03
2.464550000000000182e+03
2.467799999999999727e+03
2.469849999999999909e+03
2.470449999999999818e+03
2.470950000000000273e+03
2.473950000000000273e+03
2.474800000000000182e+03
2.475599999999999909e+03
2.476050000000000182e+03
2.476949999999999818e+03
2.480500000000000000e+03
2.480700000000000273e+03
2.481800000000000182e+03
2.481950000000000273e+03
2.482250000000000000e+03
2.482900000000000091e+03
2.483599999999999909e+03
2.483800000000000182e+03
2.486950000000000273e+03
2.488599999999999909e+03
2.489750000000000000e+03
2.489849999999999909e+03
2.490150000000000091e+03
2.491150000000000091e+03
2.491950000000000273e+03
2.496250000000000455e+03
2.497349999999999909e+03
2.498050000000000182e+03
2.498099999999999909e+03
2.499250000000000000e+03
2.499950000000000273e+03
2.501050000000000182e+03
2.503250000000000000e+03
2.505050000000000182e+03
2.505150000000000091e+03
2.506200000000000273e+03
2.507650000000000091e+03
2.508799999999999727e+03
2.510250000000000000e+03
2.510550000000000182e+03
2.511300000000000182e+03
2.513050000000000182e+03
2.513150000000000091e+03
2.513250000000000000e+03
2.513900000000000091e+03
2.514000000000000000e+03
2.514099999999999909e+03
2.514299999999999727e+03
2.515100000000000364e+03
2.518299999999999727e+03
2.518550000000000182e+03
2.520300000000000182e+03
2.525549999999999727e+03
2.526150000000000091e+03
2.526849999999999909e+03
2.527550000000000182e+03
2.527750000000000000e+03
2.528250000000000455e+03
2.528700000000000273e+03
2.529300000000000182e+03
2.529500000000000000e+03
2.530449999999999818e+03
2.531200000000000273e+03
2.532850000000000364e+03
2.532949999999999818e+03
2.535250000000000000e+03
2.535950000000000273e+03
2.537600000000000364e+03
2.539599999999999909e+03
2.541650000000000091e+03
2.541849999999999909e+03
2.544049999999999727e+03
2.544199999999999818e+03
2.545750000000000000e+03
2.546250000000000000e+03
2.546450000000000273e+03
2.547150000000000091e+03
2.547449999999999818e+03
2.547500000000000455e+03
2.548450000000000273e+03
2.551150000000000091e+03
2.551250000000000000e+03
2.552550000000000182e+03
2.552599999999999909e+03
2.554000000000000000e+03
2.555200000000000273e+03
2.556049999999999727e+03
2.556850000000000364e+03
2.557400000000000091e+03
2.561349999999999909e+03
2.563900000000000091e+03
2.564450000000000273e+03
2.566099999999999909e+03
2.566200000000000273e+03
2.566450000000000273e+03
2.566650000000000091e+03
2.566750000000000455e+03
2.567000000000000000e+03
2.567150000000000091e+03
2.567400000000000091e+03
2.567599999999999909e+03
2.567800000000000182e+03
2.568150000000000091e+03
2.568750000000000000e+03
2.573300000000000182e+03
2.575250000000000000e+03
2.578750000000000455e+03
2.579849999999999909e+03
2.580000000000000000e+03
2.583550000000000182e+03
2.584550000000000182e+03
2.585000000000000000e+03
2.585050000000000182e+03
2.585600000000000364e+03
2.585900000000000091e+03
2.586250000000000000e+03
2.587400000000000091e+03
2.588049999999999727e+03
2.588850000000000364e+03
2.590150000000000091e+03
2.591650000000000091e+03
2.592599999999999909e+03
2.593099999999999909e+03
2.593650000000000091e+03
2.594000000000000455e+03
2.595250000000000000e+03
2.595250000000000000e+03
2.595700000000000273e+03
2.596100000000000364e+03
2.599050000000000182e+03
2.600850000000000364e+03
2.601900000000000091e+03
2.605300000000000182e+03
2.605650000000000091e+03
2.605800000000000182e+03
2.607500000000000000e+03
2.607550000000000182e+03
2.607800000000000182e+03
2.608649999999999636e+03
2.609400000000000091e+03
2.609650000000000091e+03
2.609850000000000364e+03
2.610849999999999909e+03
2.611099999999999909e+03
2.614699999999999818e+03
2.615900000000000091e+03
2.620100000000000364e+03
2.621100000000000364e+03
2.622200000000000273e+03
2.622600000000000364e+03
2.623650000000000091e+03
2.623750000000000000e+03
2.623800000000000182e+03
2.626750000000000000e+03
2.627650000000000091e+03
2.627750000000000000e+03
2.627750000000000000e+03
2.628199999999999818e+03
2.628950000000000273e+03
2.630600000000000364e+03
2.630600000000000364e+03
2.636049999999999727e+03
2.636350000000000364e+03
2.636900000000000091e+03
2.637300000000000182e+03
2.638400000000000091e+03
2.638600000000000364e+03
2.640650000000000091e+03
2.641550000000000182e+03
2.641599999999999909e+03
2.641949999999999818e+03
2.642200000000000273e+03
2.642200000000000273e+03
2.642500000000000000e+03
2.642849999999999909e+03
2.644700000000000273e+03
2.648000000000000000e+03
2.649450000000000273e+03
2.649900000000000091e+03
2.654150000000000091e+03
2.655500000000000000e+03
2.656800000000000182e+03
2.657400000000000091e+03
2.658099999999999909e+03
2.658349999999999909e+03
2.658549999999999727e+03
2.659699999999999818e+03
2.660700000000000273e+03
2.662949999999999818e+03
2.663550000000000182e+03
2.663599999999999909e+03
2.664300000000000182e+03
2.664900000000000091e+03
2.665949999999999818e+03
2.666400000000000091e+03
2.666800000000000182e+03
2.667050000000000182e+03
2.667099999999999909e+03
2.668350000000000364e+03
2.671699999999999818e+03
2.678849999999999909e+03
2.678900000000000091e+03
2.679050000000000182e+03
2.679050000000000182e+03
2.679300000000000182e+03
2.679900000000000091e+03
2.680449999999999818e+03
2.680750000000000000e+03
2.681450000000000273e+03
2.681650000000000091e+03
2.681949999999999818e+03
2.682650000000000091e+03
2.685799999999999727e+03
2.688650000000000091e+03
2.690900000000000091e+03
2.691150000000000091e+03
2.691950000000000273e+03
2.692550000000000182e+03
2.692550000000000182e+03
2.692700000000000273e+03
2.695300000000000182e+03
2.695699999999999818e+03
2.697250000000000000e+03
2.701199999999999818e+03
2.704700000000000273e+03
2.704950000000000273e+03
2.705150000000000091e+03
2.705349999999999909e+03
2.705550000000000182e+03
2.706000000000000000e+03
2.706099999999999909e+03
2.706250000000000000e+03
2.706450000000000273e+03
2.706600000000000364e+03
2.706750000000000000e+03
2.707450000000000273e+03
2.707699999999999818e+03
2.710300000000000182e+03
2.711349999999999909e+03
2.711800000000000182e+03
2.714250000000000000e+03
2.717100000000000364e+03
2.718050000000000182e+03
2.718150000000000091e+03
2.718650000000000091e+03
2.720050000000000182e+03
2.724449999999999818e+03
2.725000000000000000e+03
2.726349999999999909e+03
2.726500000000000000e+03
2.728200000000000273e+03
2.728400000000000091e+03
2.728700000000000273e+03
2.729150000000000091e+03
2.730000000000000000e+03
2.730100000000000364e+03
2.730550000000000182e+03
2.731250000000000000e+03
2.731400000000000091e+03
2.733850000000000364e+03
2.735750000000000455e+03
2.735900000000000091e+03
2.737799999999999727e+03
2.737850000000000364e+03
2.739549999999999727e+03
2.742300000000000182e+03
2.742300000000000182e+03
2.742949999999999818e+03
2.743250000000000000e+03
2.743600000000000364e+03
2.745100000000000364e+03
2.746349999999999909e+03
2.746349999999999909e+03
2.746650000000000091e+03
2.748099999999999909e+03
2.748299999999999727e+03
2.748900000000000091e+03
2.749950000000000273e+03
2.750850000000000364e+03
2.753349999999999909e+03
2.754000000000000000e+03
2.754799999999999727e+03
2.755450000000000273e+03
2.757000000000000000e+03
2.757049999999999727e+03
2.761400000000000091e+03
2.762100000000000364e+03
2.762900000000000091e+03
2.763250000000000000e+03
2.764899999999999636e+03
2.765750000000000000e+03
2.766700000000000273e+03
2.767549999999999727e+03
2.768250000000000000e+03
2.768800000000000182e+03
2.769300000000000182e+03
2.769650000000000091e+03
2.770599999999999909e+03
2.771050000000000182e+03
2.773950000000000273e+03
2.774500000000000000e+03
2.776800000000000182e+03
2.777550000000000182e+03
2.777849999999999909e+03
2.778300000000000182e+03
2.778650000000000091e+03
2.779949999999999818e+03
2.785599999999999909e+03
2.787000000000000000e+03
2.787849999999999909e+03
2.788800000000000182e+03
2.791549999999999727e+03
2.792250000000000000e+03
2.792250000000000000e+03
2.792449999999999818e+03
2.793400000000000091e+03
2.793400000000000091e+03
2.793599999999999909e+03
2.794650000000000091e+03
2.794850000000000364e+03
2.795200000000000273e+03
2.795699999999999818e+03
2.796750000000000455e+03
2.798750000000000000e+03
2.805550000000000182e+03
2.807549999999999727e+03
2.808450000000000273e+03
2.809250000000000000e+03
2.809250000000000000e+03
2.809800000000000182e+03
2.809800000000000182e+03
2.810049999999999727e+03
2.810300000000000182e+03
2.810400000000000091e+03
2.810650000000000091e+03
2.810700000000000273e+03
2.811000000000000000e+03
2.812699999999999818e+03
2.815750000000000000e+03
2.818349999999999909e+03
2.818700000000000273e+03
2.819400000000000091e+03
2.820450000000000273e+03
2.820450000000000273e+03
2.822000000000000000e+03
2.822199999999999818e+03
2.823150000000000091e+03
2.823349999999999909e+03
2.832800000000000182e+03
2.832849999999999909e+03
2.833000000000000000e+03
2.833050000000000182e+03
2.833150000000000091e+03
2.833200000000000273e+03
2.833650000000000091e+03
2.834500000000000000e+03
2.834650000000000091e+03
2.838900000000000091e+03
2.841000000000000000e+03
2.841250000000000000e+03
2.841849999999999909e+03
2.842400000000000091e+03
2.842550000000000182e+03
2.843050000000000182e+03
2.843300000000000182e+03
2.843450000000000273e+03
2.843850000000000364e+03
2.845000000000000000e+03
2.847349999999999909e+03
2.851050000000000182e+03
2.851650000000000091e+03
2.851650000000000091e+03
2.852250000000000000e+03
2.852500000000000000e+03
2.853599999999999909e+03
2.854949999999999818e+03
2.856150000000000091e+03
2.857350000000000364e+03
2.857750000000000000e+03
2.859550000000000182e+03
2.863400000000000091e+03
2.864150000000000091e+03
2.866750000000000000e+03
2.868150000000000091e+03
2.868200000000000273e+03
2.868349999999999909e+03
2.870100000000000364e+03
2.870850000000000364e+03
2.871750000000000000e+03
2.872400000000000091e+03
2.872900000000000091e+03
2.873150000000000091e+03
2.874349999999999909e+03
2.875250000000000455e+03
2.875450000000000273e+03
2.875500000000000000e+03
2.876650000000000091e+03
2.877400000000000091e+03
2.881400000000000091e+03
2.882250000000000000e+03
2.882349999999999909e+03
2.882650000000000091e+03
2.884900000000000091e+03
2.886700000000000273e+03
2.888549999999999727e+03
2.890500000000000455e+03
2.890550000000000182e+03
2.892300000000000182e+03
2.893449999999999818e+03
2.893599999999999909e+03
2.894950000000000273e+03
2.895750000000000000e+03
2.895850000000000364e+03
2.896699999999999818e+03
2.896950000000000273e+03
2.897400000000000091e+03
2.897550000000000182e+03
2.898750000000000000e+03
2.899599999999999909e+03
2.903400000000000091e+03
2.905200000000000273e+03
2.906100000000000364e+03
2.907050000000000182e+03
2.909449999999999818e+03
2.909750000000000000e+03
2.909800000000000182e+03
2.910849999999999909e+03
2.911050000000000182e+03
2.911550000000000182e+03
2.911850000000000364e+03
2.913200000000000273e+03
2.913449999999999818e+03
2.913550000000000182e+03
2.914500000000000455e+03
2.920650000000000091e+03
2.922650000000000091e+03
2.923250000000000455e+03
2.923300000000000182e+03
2.923400000000000091e+03
2.923450000000000273e+03
2.923949999999999818e+03
2.924450000000000273e+03
2.925699999999999818e+03
2.930550000000000182e+03
2.930900000000000091e+03
2.931450000000000273e+03
2.931650000000000091e+03
2.932400000000000091e+03
2.932600000000000364e+03
2.933250000000000000e+03
2.933250000000000000e+03
2.933800000000000182e+03
2.934950000000000273e+03
2.935100000000000364e+03
2.935199999999999818e+03
2.936050000000000182e+03
2.936549999999999727e+03
2.938800000000000182e+03
2.940250000000000000e+03
2.945450000000000273e+03
2.946300000000000182e+03
2.946800000000000182e+03
2.947750000000000000e+03
2.948600000000000364e+03
2.949050000000000182e+03
2.949699999999999818e+03
2.952099999999999909e+03
2.952150000000000091e+03
2.955400000000000091e+03
2.956900000000000091e+03
2.957400000000000091e+03
2.957750000000000455e+03
2.958900000000000091e+03
2.960700000000000273e+03
2.961849999999999909e+03
2.963799999999999727e+03
2.965400000000000091e+03
2.965600000000000364e+03
2.965900000000000091e+03
2.967049999999999727e+03
2.969800000000000182e+03
2.970200000000000273e+03
2.970599999999999909e+03
2.970700000000000273e+03
2.971750000000000000e+03
2.972450000000000273e+03
2.974250000000000000e+03
2.975000000000000000e+03
2.975599999999999909e+03
2.978650000000000091e+03
2.979449999999999818e+03
2.979650000000000091e+03
2.980250000000000000e+03
2.980500000000000000e+03
2.981600000000000364e+03
2.982250000000000000e+03
2.983750000000000000e+03
2.984500000000000000e+03
2.988250000000000455e+03
2.990000000000000000e+03
2.990550000000000182e+03
2.991199999999999818e+03
2.991750000000000000e+03
2.991850000000000364e+03
2.992199999999999818e+03
2.992300000000000182e+03
2.992599999999999909e+03
2.993699999999999818e+03
2.994150000000000091e+03
2.997950000000000273e+03
2.998000000000000000e+03
2.999150000000000091e+03
2.999400000000000091e+03
2.999400000000000091e+03
